0.19462946618893065 0.0 0.0
0.12506713119783264 0.0 0.0
0.19776675282754325 -0.07676465163715968 -0.1
0.0 0.0 0.0
0.0 0.0 0.0
0.0 0.0 0.0
0.0 0.0 0.0
0.0 0.0 0.0
0.0 0.0 0.0
0.0 0.0 0.0
0.0 0.0 0.0
0.0 0.0 0.0
0.0 0.0 0.0
0.0 0.0 0.0
0.2623221972212092 0.0 0.0
0.0 0.0 0.0
0.0 0.0 0.0
0.0 0.0 0.0
0.0 0.0 0.0
0.0 0.0 0.0
0.0 0.0 0.0
0.0 0.0 0.0
0.0 0.0 0.0
0.0 0.0 0.0
0.0 0.0 0.0
0.0 0.0 0.0
0.0 0.0 0.0
0.0 0.0 0.0
0.0 0.0 0.0
0.0 0.0 0.0
0.0 0.0 0.0
0.0 0.0 0.0
0.0 0.0 0.1
0.0 0.0 0.0
0.0 0.0 0.0
0.0 0.0 0.0
0.0 0.0 0.0
0.0 0.0 0.0
0.0 0.0 0.0
0.0 0.0 0.0
0.0 0.0 0.0
0.0 0.0 0.0
0.0 0.0 0.0
0.0 0.0 0.0
0.0 0.0 0.0
0.0 0.0 0.0
0.0 0.0 0.0
0.0 0.0 0.0
0.0 0.0 0.0
0.0 0.0 0.0
0.0 0.0 0.0
0.0 0.0 0.0
0.0 0.0 0.0
0.0 0.0 0.0
0.0 0.0 0.0
0.0 0.0 0.0
0.0 0.0 0.0
0.0 0.0 0.0
0.0 0.0 0.0
0.0 0.0 0.0
0.0 0.0 0.0
0.0 0.0 0.0
0.0 0.0 0.0
0.0 0.0 0.0
0.0 0.0 0.0
0.0 0.0 0.0
0.0 0.0 0.0
0.0 0.0 0.0
0.0 0.0 0.0
0.0 0.0 0.0
0.0 0.0 0.0
0.0 0.0 0.0
0.0 0.0 0.0
0.0 0.0 0.0
0.0 0.0 0.0
0.0 0.0 0.0
0.0 0.0 0.0
0.0 0.0 0.0
0.0 0.0 0.0
0.0 0.0 0.0
0.0 0.0 0.0
0.0 0.0 0.0
0.0 0.0 0.0
0.0 0.0 0.0
0.0 0.0 0.0
0.0 0.0 0.0
0.0 0.0 0.0
0.0 0.0 0.0
0.0 0.0 0.0
0.0 0.0 0.0
0.0 0.0 0.0
0.0 0.0 0.0
0.0 0.0 0.0
0.0 0.0 0.0
0.0 0.0 0.0
0.0 0.0 0.0
-0.040899607101214014 0.18994398490390185 0.0
0.012777519155511553 0.0 0.0
0.13983767788885257 0.0 0.0
0.0 0.0 0.0
0.0 0.0 0.0
0.0 0.0 0.0
0.0 0.0 0.0
0.0 0.0 0.0
0.0 0.0 0.0
0.0 0.0 0.0
0.0 0.0 0.0
0.0 0.0 0.0
0.0 0.0 0.0
0.0 0.0 0.0
-0.2705656239455331 -0.3172008474505542 -0.058243871652265716
-0.226554340507678 0.6010626252154407 0.15159571303981254
-0.21189960710121403 1.0963304092819688 0.20133719278614676
-0.1 1.1734905844315 -0.005799324792513411
-0.2587907575621782 0.013237024136017517 0.30234722254062374
-0.30317065780654284 0.28484101154208097 -0.1230227301725668
0.0 0.0 0.0
0.0 0.0 0.0
0.0 0.0 0.0
0.0 0.0 0.0
0.0 0.0 0.0
0.0 0.0 0.0
0.0 0.0 0.0
0.0 0.0 0.0
0.0 0.0 0.0
-0.023357803789931186 -0.032599013688349 -0.1
-0.1156178260262749 0.3317698743488756 -0.0686319576598074
-0.13035319912736487 1.331866989436053 0.22842863969140198
1.4664048246699914 1.2849965434063697 1.0093060026302967
0.3968283897965133 1.602334474920633 0.6110259338013527
0.30651645044546894 1.260906685320206 0.1647705193395081
-0.5530777216166833 0.08766708191340249 -0.09109333298663377
0.0 0.0 0.0
0.0 0.0 0.0
0.0 0.0 0.0
0.0 0.0 0.0
0.0 0.0 0.0
0.0 0.0 0.0
0.0 0.0 0.0
0.0 0.0 0.0
0.0 0.0 0.0
-0.4387586213376641 0.8349696550335741 -0.2602166922906255
0.28702555680093733 1.256486127597074 0.18090994569218982
0.6906667920686017 1.713569474621744 0.6488872859085655
1.4055128186279098 1.8530335502109803 1.2222307325668422
0.8205245326323233 1.3854081942997098 1.4115793033070736
0.41320440649294005 1.7082996077896324 0.6144764734016276
-0.16349183563308312 1.6202472310011766 -0.27181
0.0 0.0 0.0
0.0 0.0 0.0
0.0 0.0 0.0
0.0 0.0 0.0
0.0 0.0 0.0
0.0 0.0 0.0
0.0 0.0 0.0
0.0 0.0 0.0
0.0 0.0 0.0
-0.19729810000000003 -0.09943655847846737 0.34711168854115726
0.06247918273455147 1.2129711888841757 0.5020047624209704
1.0772151563941406 1.514774241973833 0.4074941993500027
1.2481801300286568 1.8733124913580317 0.561209570603208
0.951002933959194 1.7501603666174277 0.890691510770403
0.15246815008525155 0.4815607353593849 1.6623399716204479
0.33828035102807386 -0.28113268782589684 -0.24172163766404106
0.0 0.0 0.0
0.0 0.0 0.0
0.0 0.0 0.0
0.0 0.0 0.0
0.0 0.0 0.0
0.0 0.0 0.0
0.0 0.0 0.0
0.0 0.0 0.0
0.0 0.0 0.0
0.09980711575357051 -0.2825654628565059 -0.16869465663546587
1.3607657688638943 -0.09638550765350201 0.8891523020666503
1.7158253604716716 0.3545385629846779 0.6767923342653748
2.170230648884241 1.4434166009445977 0.7316023223526279
1.676412445012883 0.14301318237872201 1.0188926704354895
0.7799825439491658 0.130274285338004 0.636792010186566
1.333782172801971 -0.19121559950204703 0.0
0.9050416118966165 0.0029263390385687593 -0.1951670217431817
0.0 0.0 0.0
0.0 0.0 0.0
0.0 0.0 0.0
0.0 0.0 0.0
0.0 0.0 0.0
0.0 0.0 0.0
0.0 0.0 0.0
0.0 0.0 0.0
0.8546402929460918 0.0 0.0
1.7510640213648698 -0.10163702919606199 0.3232506891984588
0.8451980767491003 0.2239867206253116 1.9712611270333569
1.7937103321307 1.2359830520304327 1.034485859196047
1.272282020414553 0.24607225665018057 0.49808398565611445
1.5348327925754819 0.09788085902839613 0.7474397601711522
0.8641115292149267 -0.07716298382264428 -0.36058510000000005
0.38561530318969095 -0.19 -0.09457724804831193
0.0 0.0 0.0
0.0 0.0 0.0
0.0 0.0 0.0
0.0 0.0 0.0
0.0 0.0 0.0
0.0 0.0 0.0
0.0 0.0 0.0
0.0 0.0 0.0
0.2759277851441005 -0.06221442506561719 0.1
1.4053114534925712 0.06986114498281291 0.23701300983391171
1.8726664433571818 0.7464570505816035 0.9105876495756275
1.6784218349624669 0.8237208014526552 0.8672092522203175
1.2009686560552428 0.24172240809359896 0.09038768963033506
0.6397892138027984 -0.3170556700802239 -0.38311000648325566
0.4703592595215832 -0.3657952 -0.19226924156811637
0.0 0.0 0.0
0.0 0.0 0.0
0.0 0.0 0.0
0.0 0.0 0.0
0.0 0.0 0.0
0.0 0.0 0.0
0.0 0.0 0.0
0.0 0.0 0.0
0.0 0.0 0.0
-0.07863579224953127 -0.19 0.003408522127186897
0.5687505176626477 -0.20110737078116087 0.11381077362864933
-0.047577055242414505 -0.19408860398636163 -0.19237898206490728
1.6148487429517848 -0.07241825601578131 -0.16966456363198726
